243095853600872
184976289059027
192698321506405
268595108024397
32423345684607
113924678627520
6142390444272
77232454283424
68818915311825
152364686274692
138307291889829
276888606011606
3732746051800
23657233567917
58918998945950
198827508244700
257926140809257
157454155391029
33054420693036
179560083632140
229601083191542
206876394405899
110634096152675
253128863682655
125817292107932
76992389091375
181213998383154
230172246708358
209586300661917
52523826159822
208628657201242
135051622772750
92384763314376
45123597529264
20525967478988
76494038687791
256032043434208
43736105001143
3633894654083
266907068444769
101950125260928
61770957893649
61530238369951
120100841644269
267864946827314
34403426238663
76906238087203
201529227235483
252351508144350
134411202855060
65069257883884
160653704695828
139965199610069
19705947549802
34897297207416
46467905523779
56947592175858
195116874633376
47305508020427
38006903820443
44255913472014
3844331286716
195837657378944
32856634060901
279203526246490
171116463169721
132096668479580
91315970789394
246549007319076
77176888123570
203298518900926
66847525351459
57574741250155
160117085442143
242214982668467
121827250675736
136833933525118
86711765848294
3204716695785
98136445968461
38775585513519
212721593274497
200592706244785
161165124620362
129652177821896
211699642720415
61921130754252
77237101531389
94773218160788
52064130437303
125173130862827
206300768137366
61658584113392
163690464706738
11652816724121
196375283294462
46923205611557
117171724251207
93777003859972
11442497552461
16678163378284
205024877658152
67457276453040
158072160944221
5278984630425
228140559429801
64459540287562
98707659849963
212889315070068
43534442844347
149813542830111
252119596699833
89013901901872
68020101771446
212154925989890
206476996018248
18494800306306
59692160172086
261585620721756
238599106727953
141248690155585
89447660048586
63892470419638
23867854741523
188609764294832
23163463278762
243173129482399
52614020464814
128029166727339
99411799601237
32217254379622
80617123410034
40154286829647
66873244807378
71000876130344
2478749778112
143482660368539
250865281699869
78795956596773
279981032779956
167560230219877
69360114790532
182579344974007
103474737971396
197689241268444
273328111673438
267190603407511
102530012958870
87480548229243
102066357825560
104793511067781
231666828218447
30756780941425
81592164864208
99356015366189
72168872390862
244040478015624
170631081525432
209118317002902
57509813473496
17536754180104
103685610852454
101585287909453
229424704303141
10381573488746
258385970786347
38135719321752
81261586591944
218782010187957
148387362017375
126014810288193
275608722526385
120388570878181
70643756359730
192513335889951
45243823067303
23081556938861
30022425399414