268595108024397
260283742339153
223227418800205
248821028257859
216170519085066
196323693334660
156213027303428
199446067445894
187544209743990
118266907381773
95189980958747
45071823032417
249207592075275
95039355093226
195373800935595
265567072165938
206360964784145
201189773836336
215560684077069
10411789275368
112773493215335
274848328728638
105063490019562
90173358497859
263123252572236
265373865742510
154116915515641
254816668393571
181213998383154
7151221215465
19915914350794
117850010304677
266228044189896
216114516783113
123042306981917
93136953077971
49748690108488
27526562873486
225791413625003
112880598933746
244439977079006
258316596945040
220285198459079
58334430392325
44621086327017
233015078850571
218172040999047
181089209442527
280405563441234
160601846333444
245230385295520
275724736942251
132834916315367
138526150684892
144809335484650
57166601957625
277202037907560
133595544969354
276054811885822
57303504056542
130842521272444
52621939323009
43615694917786
92157415260217
195837657378944
222608775741695
4823902601286
81119684902927
15294563090477
151771678789712
147103099674851
210930709348400
220383412244682
58253312553007
22574432038991
224901717839968
156934128812175
143958881644641
40184351592577
200794133495967
208456506175510
11201861947603
157883098476726
169321116491816
247789632098557
121449461350647
117596875653260
159180832936040
36421893103659
98802132320442
78963577749582
100494013923571
125422171910391
83885643825164
40295584559164
201722383360034
187579089584148
191482711564332
267649711882252
261538459992078
148975789334620
77082281439423
274796789149911
14474660544608
274345414942852
148825348034654
133947832938655
191972807577652
246050556256267
72375131451528
149894660653263
182038397194240
271223661588720
176566122324034
152630940713174
95984398905376
224202208604256
255645597057058
223476006834408
31787623436458
50547872780305
192307630444767
129489589792829
262920885784670
39398322208994
178057130340361
52373435207733
110243874885715
213898028388491
114289130082334
162711212179691
44650480009373
222801680163043
48893958037639
207764848701501
7529664876762
130751840423938
125997563289729
274886748540981
234634667409532
29781622005777
227998708027441
6348330795125
160275932172499
245062445318261
36722255650855
251891342651633
42349048656064
182115253637137
141060298780708
88760180056089
176613366997127
71048003383416
48276120293631
48847166406749
178224566919412
171966564720864
233062340235400
53477342503057
8070881140964
214744774508742
24297250811993
142718172950543
39346396725361
7946058596528
62805340373239
28097709662344
232645661319371
160679340339277